TERRAIN
0.3495190182939393 0.41942213226928765 -18.188520393371583 -18.188520393371583 -5.0 -5.0 false false
0.41942213226928765 0.8320431271806576 -18.188520393371583 -18.188520393371583 -5.0 -5.0 false false
2.279615453840814 2.349518700526335 -18.18852039337158 -18.186940504959793 -5.0 -5.0 false false
2.349518700526335 2.762140134932123 -18.186940504959797 -18.180630676238444 -5.0 -5.0 false false
4.209710744978509 4.279614041479077 -17.553321172636224 -17.516562574765718 -5.0 -5.0 false false
4.279614041479077 4.692235426069819 -17.516562574765715 -17.301842613103364 -5.0 -5.0 false false
6.139807752729975 6.209711099045633 -16.399073805060905 -16.373343858161327 -5.0 -5.0 false false
6.209711099045633 6.622332433821284 -16.373343858161324 -16.20512102872858 -5.0 -5.0 false false
9.00180504826929 9.079341116172603 -17.888025382491996 -17.92608126483901 -5.0 -5.0 false false
9.079341116172603 9.523702460695537 -17.926081264839006 -18.142374414789344 -5.0 -5.0 false false
11.605220718721405 11.701969439726287 -18.18852039337158 -18.17750752666215 -5.0 -5.0 false false
11.701969439726287 12.280526251437758 -18.177507526662154 -18.08959469849972 -5.0 -5.0 false false
13.8601923505083 13.930095730293203 -17.137464786645598 -17.120299572103164 -5.0 -5.0 false false
13.930095730293203 14.342715887190426 -17.120299572103164 -17.022965599441207 -5.0 -5.0 false false
15.790289358259761 15.860192787859637 -17.416352703846616 -17.443621263587495 -5.0 -5.0 false false
15.860192787859637 16.272812894941893 -17.4436212635875 -17.64044508254882 -5.0 -5.0 false false
19.167958120466793 19.23786155434717 -18.14164164890229 -18.142518871812754 -5.0 -5.0 false false
19.23786155434717 19.65048108494433 -18.142518871812758 -18.188520393371583 -5.0 -5.0 false false
17.21185470339455 17.307763766849664 -14.781924594810537 -14.694474116699556 -5.0 -5.0 false false
15.307764677168453 15.377668260105686 -17.195612641563407 -17.226815668173273 -5.0 -5.0 false false
15.377668260105686 15.790289358259761 -17.226815668173273 -17.416352703846616 -5.0 -5.0 false false
14.825240568281734 14.895144055869658 -17.05262781682602 -17.07164900678097 -5.0 -5.0 false false
14.895144055869658 15.307764677168453 -17.071649006780962 -17.195612641563404 -5.0 -5.0 false false
14.342715887190428 14.412619445220109 -17.02296559944121 -17.02541611568842 -5.0 -5.0 false false
14.412619445220109 14.825240568281734 -17.02541611568842 -17.052627816826018 -5.0 -5.0 false false
13.37766766941699 13.447571202539134 -17.400712998949945 -17.362967530040834 -5.0 -5.0 false false
13.447571202539134 13.860192350508298 -17.36296753004083 -17.137464786645598 -5.0 -5.0 false false
12.872419933343178 12.946329211790253 -17.754077472830016 -17.702574148592184 -5.0 -5.0 false false
12.946329211790253 13.37766766941699 -17.70257414859218 -17.40071299894995 -5.0 -5.0 false false
12.280526251437758 12.367443739406282 -18.089594698499717 -18.044321455828694 -5.0 -5.0 false false
12.367443739406282 12.872419933343178 -18.0443214558287 -17.754077472830016 -5.0 -5.0 false false
10.863301992570866 10.965151967995636 -18.188520393371583 -18.188520393371583 -5.0 -5.0 false false
10.965151967995636 11.605220718721405 -18.188520393371583 -18.188520393371583 -5.0 -5.0 false false
10.147175745356934 10.249149832383093 -18.188520393371583 -18.188520393371583 -5.0 -5.0 false false
10.249149832383093 10.863301992570866 -18.188520393371583 -18.188520393371583 -5.0 -5.0 false false
9.523702460695537 9.61568551687712 -18.142374414789344 -18.15059880713837 -5.0 -5.0 false false
9.61568551687712 10.147175745356934 -18.15059880713837 -18.18852039337158 -5.0 -5.0 false false
7.583861715292441 7.642336942819821 -15.898300611687155 -15.914433325684152 -5.0 -5.0 false false
7.642336942819821 8.004937376491336 -15.91443332568415 -16.005122886655112 -5.0 -5.0 false false
7.104855970503413 7.173477282931024 -16.00479803467481 -15.99136356615466 -5.0 -5.0 false false
7.173477282931024 7.583861715292442 -15.99136356615466 -15.898300611687155 -5.0 -5.0 false false
6.622332433821285 6.6922356268001435 -16.20512102872858 -16.180848583729684 -5.0 -5.0 false false
6.6922356268001435 7.104855970503414 -16.180848583729684 -16.00479803467481 -5.0 -5.0 false false
5.657284216047847 5.727187384119228 -16.629478517926717 -16.594945430706176 -5.0 -5.0 false false
5.727187384119228 6.139807752729975 -16.594945430706176 -16.399073805060905 -5.0 -5.0 false false
5.1747595349565385 5.2446628563646565 -16.959249153450653 -16.908360011809226 -5.0 -5.0 false false
5.2446628563646565 5.657284216047848 -16.908360011809226 -16.629478517926717 -5.0 -5.0 false false
4.692235426069819 4.7621386521289395 -17.301842613103354 -17.249907964514307 -5.0 -5.0 false false
4.7621386521289395 5.174759534956538 -17.249907964514307 -16.959249153450656 -5.0 -5.0 false false
3.7271872082963804 3.79709032655279 -17.82038806912766 -17.78452756431809 -5.0 -5.0 false false
3.79709032655279 4.209710744978509 -17.78452756431809 -17.553321172636217 -5.0 -5.0 false false
3.2446636716142527 3.3145667774169367 -18.05780396061477 -18.026933824775945 -5.0 -5.0 false false
3.3145667774169367 3.7271872082963804 -18.026933824775938 -17.820388069127656 -5.0 -5.0 false false
2.762140134932123 2.832043228281083 -18.180630676238444 -18.165957733670222 -5.0 -5.0 false false
2.832043228281083 3.2446636716142527 -18.165957733670226 -18.05780396061477 -5.0 -5.0 false false
1.7970902005449154 1.866993517671783 -18.188520393371583 -18.188520393371583 -5.0 -5.0 false false
1.866993517671783 2.279615453840814 -18.188520393371583 -18.188520393371583 -5.0 -5.0 false false
1.3145666638627864 1.3844697198505 -18.188520393371583 -18.188520393371583 -5.0 -5.0 false false
1.3844697198505 1.7970902005449152 -18.188520393371583 -18.188520393371583 -5.0 -5.0 false false
0.8320431271806576 0.9019461707146452 -18.188520393371583 -18.188520393371583 -5.0 -5.0 false false
0.9019461707146452 1.3145666638627864 -18.188520393371583 -18.188520393371583 -5.0 -5.0 false false
WALLS
8.004937376491336 8.045027734064465 -16.005122886655116 -16.054504505392195 -5.0 -5.0 false false
8.045027734064465 8.299417904987347 -16.0545045053922 -16.352601738481177 -5.0 -5.0 false false
17.720385793806635 17.7902893561171 -13.9884372362933 -14.18519921297543 -5.0 -5.0 false false
17.7902893561171 18.20290990269336 -14.18519921297543 -15.052454346519529 -5.0 -5.0 false false
18.68543343937548 18.7553371094891 -16.84502621805536 -16.972510250333467 -5.0 -5.0 false false
18.7553371094891 19.167958120466796 -16.972510250333467 -18.141641648902294 -5.0 -5.0 false false
18.20290990269336 18.272813394561936 -15.052454346519536 -15.290168983253707 -5.0 -5.0 false false
18.272813394561936 18.685433439375483 -15.2901689832537 -16.845026218055374 -5.0 -5.0 false false
17.307763766849664 17.720385793806635 -14.694474116699558 -13.98843723629332 -5.0 -5.0 false false
16.75533643162402 16.79923462451037 -15.94270106383056 -15.852449972476247 -5.0 -5.0 false false
16.79923462451037 17.211854703394554 -15.852449972476245 -14.781924594810532 -5.0 -5.0 false false
16.27281289494189 16.342716336995498 -17.64044508254883 -17.338066135188495 -5.0 -5.0 false false
16.342716336995498 16.75533643162402 -17.338066135188495 -15.94270106383056 -5.0 -5.0 false false
8.644383940979312 8.698825317094139 -17.422894980336384 -17.484868331634143 -5.0 -5.0 false false
8.698825317094139 9.00180504826929 -17.484868331634143 -17.888025382491993 -5.0 -5.0 false false
8.460367128694172 8.491368743770565 -16.865657292031194 -16.9408725273529 -5.0 -5.0 false false
8.491368743770565 8.644383940979312 -16.940872527352905 -17.422894980336388 -5.0 -5.0 false false
8.299417904987349 8.324612803292048 -16.352601738481177 -16.424154777463517 -5.0 -5.0 false false
8.324612803292048 8.460367128694172 -16.42415477746352 -16.865657292031198 -5.0 -5.0 false false